if game.PlaceId==4520749081 then W1=true elseif game.PlaceId==6381829480 then W2=true elseif game.PlaceId==15759515082 then W3=true else if game.PlaceId==5931540094 then W1=true;W2=true;W3=true else game:GetService("Players").LocalPlayer:Kick("รันได้แค่ kl ยังไม่มีโลก 3")print("รันได้แค่ kl ยังไม่มีโลก 3")wait(1)game.Players.LocalPlayer:kick("/00/210/5815//151/5/151/51/15")wait(1.5)game:Shutdown()kickcash("01/01/01/0/1/01/0/1/1/010")end end;local a=game:GetService("Players").LocalPlayer.PlayerStats.lvl.Value;local b=game.Players.LocalPlayer.Name;local c=tostring(math.random(0001,9999))local d=math.floor(workspace.DistributedGameTime+0.5)local e=math.floor(d/60^2)%24;local f=math.floor(d/60^1)%60;local g=math.floor(d/60^0)%60;local h=game:GetService("Stats").Network.ServerStatsItem["Data Ping"]:GetValueString()local j=workspace:GetRealPhysicsFPS()local k="TIME | "..os.date("%H")..":"..os.date("%M")..":"..os.date("%S")print("Ping:"..h.."FPS:"..j.."    ")print("User "..b.."#"..c.."  ใช้งานเมื่อ"..k.."   Hour : "..e.." Minute : "..f.." Second : "..g.." ")print(b)if _G.MrMaxNaJaBuy==false then local b=game.Players.LocalPlayer.Name;local l="https://discord.com/api/webhooks/1231976183227486239/v4mRQBnAxCq_EbZiMLnO821YXbaa1xwIchFitJGb1MdtbeKJdet9zNhCL971KjmOZHYc"local m={["username"]='MrMaxNaJa',["avatar_url"]="https://cdn.discordapp.com/attachments/948603231192363058/1088077196997955704/Untitled-1_copy.png",["embeds"]={{["color"]=tonumber(0x00ff00),["type"]="rich",["fields"]={{["name"]="[📁] **ชื่อผู้ใช้ฟรี**",["value"]='ชื่อผู้ใช้ฟรี '..b..""}},["footer"]={["text"]="YouTube:MrMaxNaJa"},["timestamp"]=DateTime.now():ToIsoDate()}}}local n=game:GetService("HttpService"):JSONEncode(m)local o={["content-type"]="application/json"}request=http_request or request or HttpPost or syn.request;local p={Url=l,Body=n,Method="POST",Headers=o}request(p)end;if _G.MrMaxNaJaBuy==true then local b=game.Players.LocalPlayer.Name;local l="https://discord.com/api/webhooks/1231651589262147615/FxKk6HOjS2j_MlQ6A2hirgWbzVAaY41FO5Xiw8LcM7StmBaCVu3HWzdJpQdkqe5B8Is2"local m={["username"]='MrMaxNaJa',["avatar_url"]="https://cdn.discordapp.com/attachments/948603231192363058/1088077196997955704/Untitled-1_copy.png",["embeds"]={{["color"]=tonumber(0x00ff00),["type"]="rich",["fields"]={{["name"]="[📁] **ชื่อผู้ใช้เติม**",["value"]='ชื่อผู้ใช้เติม : '..b..'\n Key User : \n ```lua\n["'.._G.register_key..'"]\n```'}},["footer"]={["text"]="YouTube:MrMaxNaJa"},["timestamp"]=DateTime.now():ToIsoDate()}}}local n=game:GetService("HttpService"):JSONEncode(m)local o={["content-type"]="application/json"}request=http_request or request or HttpPost or syn.request;local p={Url=l,Body=n,Method="POST",Headers=o}request(p)end;spawn(function()game:GetService("RunService").Stepped:Connect(function()if _G.Settings.AutoFarm or _G.Settings.AutoFarmTwilight or _G.Settings.AutoFarmSwordMonBlade or _G.Settings.AutoFarmAllMonsterSelect or _G.Settings.AutoFarmMonNearestSelect or _G.Settings.AutoFarmBoss or _G.Settings.AutoRaid or _G.Settings.AutoHydraSeaKing or _G.Settings.AutoKingSamurai or _G.Settings.GhostShip then if not game:GetService("Workspace"):FindFirstChild("Part")then local q=Instance.new("Part")q.Name="Part"q.Parent=game.Workspace;q.Anchored=true;q.Transparency=1;q.Size=Vector3.new(_G.Settings.DistanceMob,_G.Settings.DistanceMob,_G.Settings.DistanceMob)elseif game:GetService("Workspace"):FindFirstChild("Part")then game.Workspace["Part"].CFrame=CFrame.new(game.Players.LocalPlayer.Character.HumanoidRootPart.CFrame.X,game.Players.LocalPlayer.Character.HumanoidRootPart.CFrame.Y,game.Players.LocalPlayer.Character.HumanoidRootPart.CFrame.Z)*CFrame.Angles(math.rad(_G.Settings.GanAngles),0,0)end end end)end)spawn(function()game:GetService("RunService").Stepped:Connect(function()if _G.Settings.AutoFarm or _G.Settings.AutoFarmTwilight or _G.Settings.AutoFarmSwordMonBlade or _G.Settings.AutoFarmAllMonsterSelect or _G.Settings.AutoFarmMonNearestSelect or _G.Settings.AutoFarmBoss or _G.Settings.AutoRaid or _G.Settings.AutoHydraSeaKing or _G.Settings.AutoKingSamurai or _G.Settings.GhostShip then if not game:GetService("Workspace"):FindFirstChild("Part")then local q=Instance.new("Part")q.Name="Part"q.Parent=game.Workspace;q.Anchored=true;q.Transparency=1;q.Size=Vector3.new(_G.Settings.DistanceMob,_G.Settings.DistanceMob,_G.Settings.DistanceMob)elseif game:GetService("Workspace"):FindFirstChild("Part")then game.Workspace["Part"].CFrame=CFrame.new(game.Players.LocalPlayer.Character.HumanoidRootPart.CFrame.X,game.Players.LocalPlayer.Character.HumanoidRootPart.CFrame.Y-3.8,game.Players.LocalPlayer.Character.HumanoidRootPart.CFrame.Z)end end end)end)spawn(function()while wait()do if _G.Settings.AutoFarm or _G.Settings.AutoFarmTwilight or _G.Settings.AutoFarmSwordMonBlade or _G.Settings.AutoFarmAllMonsterSelect or _G.Settings.AutoFarmMonNearestSelect or _G.Settings.AutoFarmBoss or _G.Settings.AutoRaid or _G.Settings.AutoHydraSeaKing or _G.Settings.AutoKingSamurai or _G.Settings.GhostShip then pcall(function()if not game.Players.LocalPlayer.Character.HumanoidRootPart:FindFirstChild("BodyClip")then local r=Instance.new("BodyVelocity")r.Name="BodyClip"r.Parent=game.Players.LocalPlayer.Character.HumanoidRootPart;r.MaxForce=Vector3.new(100000,100000,100000)r.Velocity=Vector3.new(0,0,0)end end)else if game.Players.LocalPlayer.Character.HumanoidRootPart:FindFirstChild("BodyClip")then game.Players.LocalPlayer.Character.HumanoidRootPart:FindFirstChild("BodyClip"):Destroy()end end end end)spawn(function()pcall(function()game:GetService("RunService").Stepped:Connect(function()if _G.Settings.AutoFarm or _G.Settings.AutoFarmTwilight or _G.Settings.AutoFarmSwordMonBlade or _G.Settings.AutoFarmAllMonsterSelect or _G.Settings.AutoFarmMonNearestSelect or _G.Settings.AutoFarmBoss or _G.Settings.AutoRaid or _G.Settings.AutoHydraSeaKing or _G.Settings.AutoKingSamurai or _G.Settings.GhostShip then for s,t in pairs(game:GetService("Players").LocalPlayer.Character:GetDescendants())do if t:IsA("BasePart")then t.CanCollide=false end end end end)end)end)spawn(function()while task.wait()do pcall(function()if _G.Settings.AutoFarm or _G.Settings.AutoFarmTwilight or _G.Settings.AutoFarmSwordMonBlade or _G.Settings.AutoFarmAllMonsterSelect or _G.Settings.AutoFarmMonNearestSelect or _G.Settings.AutoFarmBoss or _G.Settings.AutoRaid or _G.Settings.AutoHydraSeaKing or _G.Settings.AutoKingSamurai or _G.Settings.GhostShip then if not game:GetService("Players").LocalPlayer.Character.HumanoidRootPart:FindFirstChild("BodyClip")then local r=Instance.new("BodyVelocity")r.Name="BodyClip"r.Parent=game:GetService("Players").LocalPlayer.Character.HumanoidRootPart;r.MaxForce=Vector3.new(100000,100000,100000)r.Velocity=Vector3.new(0,0,0)end else game:GetService("Players").LocalPlayer.Character.HumanoidRootPart:FindFirstChild("BodyClip"):Destroy()end end)end end)function Tween(u)pcall(function()game.Players.LocalPlayer.Character.HumanoidRootPart.CFrame=u end)end;function CheckLevel()local v=game:GetService("Players").LocalPlayer.PlayerStats.lvl.Value;if W1 then if v==1 or v<=9 then NameMon="Soldier [Lv. 1]"NameQuest="Kill 4 Soldiers"CFrameMon=CFrame.new(-1987.90417,49.0961037,-4583.2915,-0.423074663,1.96148928e-08,-0.90609479,1.335642e-08,1,1.54113327e-08,0.90609479,-5.58203794e-09,-0.423074663)elseif v==10 or v<=19 then NameMon="Clown Pirate [Lv. 10]"NameQuest="Kill 5 Clown Pirates"CFrameMon=CFrame.new(-1987.90417,49.0961037,-4583.2915,-0.423074663,1.96148928e-08,-0.90609479,1.335642e-08,1,1.54113327e-08,0.90609479,-5.58203794e-09,-0.423074663)elseif v==20 or v<=29 then NameMon="Smoky [Lv. 20]"NameQuest="Kill 1 Smoky"CFrameMon=CFrame.new(-1986.9115,100.303032,-4811.64502,-0.0388566367,3.70705671e-08,0.999244809,1.46395318e-09,1,-3.70416586e-08,-0.999244809,2.35334009e-11,-0.0388566367)elseif v==30 or v<=49 then NameMon="Tashi [Lv. 30]"NameQuest="Kill 1 Tashi"CFrameMon=CFrame.new(-2307.31934,100.59787,-4481.46387,0.998615503,-6.53617818e-08,-0.0526026562,6.13906863e-08,1,-7.71080764e-08,0.0526026562,7.37720072e-08,0.998615503)elseif v==50 or v<=74 then NameMon="Clown Swordman [Lv. 50]"NameQuest="Kill 6 Clown Swordman"CFrameMon=CFrame.new(-859.508667,91.099884,-3515.59766,-0.779373586,1.33729106e-09,-0.626559496,8.47487081e-10,1,1.08015608e-09,0.626559496,3.10844045e-10,-0.779373586)elseif v==75 or v<=99 then NameMon="The Clown [Lv. 75]"NameQuest="Kill 1 The Clown"CFrameMon=CFrame.new(-420.83963,120.79538,-3574.69531,-0.634619474,-1.84075191e-08,0.772824764,-7.49525384e-08,1,-3.77301816e-08,-0.772824764,-8.18694872e-08,-0.634619474)elseif v==100 or v<=119 then NameMon="Commander [Lv. 100]"NameQuest="Kill 4 Commander"CFrameMon=CFrame.new(-2183.71436,85.800499,-2642.30225,-0.113712855,-8.90864769e-08,0.993513644,-4.55619222e-08,1,8.44532906e-08,-0.993513644,-3.56629677e-08,-0.113712855)elseif v==120 or v<=144 then NameMon="Captain [Lv. 120]"NameQuest="Kill 1 Captain"CFrameMon=CFrame.new(-2222.64819,92.9912033,-2405.63281,0.902775824,9.01156554e-08,-0.430111468,-7.5117363e-08,1,5.18505487e-08,0.430111468,-1.45005803e-08,0.902775824)elseif v==145 or v<=179 then NameMon="The Barbaric [Lv. 145]"NameQuest="Kill 1 The Barbaric"CFrameMon=CFrame.new(-2382.11597,142.744064,-2432.83447,0.897202015,3.46262397e-08,-0.44162032,-3.24098117e-08,1,1.25630324e-08,0.44162032,3.04125369e-09,0.897202015)elseif v==180 or v<=199 then NameMon="Fighter Fishman [Lv. 180]"NameQuest="Kill 4 Fighter Fishmans"CFrameMon=CFrame.new(-745.081543,52.3269691,-1493.37256,-0.829473376,9.64766045e-09,0.558546245,-9.84703163e-09,1,-3.18962137e-08,-0.558546245,-3.19570859e-08,-0.829473376)elseif v==200 or v<=229 then NameMon="Karate Fishman [Lv. 200]"NameQuest="Kill 1 Karate Fishman"CFrameMon=CFrame.new(-850.665344,52.4513741,-1562.98779,-0.893344522,1.91099705e-08,0.449372411,-8.07027223e-10,1,-4.41302674e-08,-0.449372411,-3.97861868e-08,-0.893344522)elseif v==230 or v<=249 then NameMon="Shark Man [Lv. 230]"NameQuest="Kill 1 Shark Man"CFrameMon=CFrame.new(-586.502808,112.159958,-1553.02222,0.552426875,-1.09019096e-08,0.833561361,-8.64579732e-08,1,7.03770837e-08,-0.833561361,-1.10946218e-07,0.552426875)elseif v==250 or v<=399 then NameMon="Trainer Chef [Lv. 250]"NameQuest="Kill 4 Trainer Chef"CFrameMon=CFrame.new(-3983.67456,16.1524296,-3313.61914,-0.875627518,-4.12825116e-08,0.482987046,-6.21717859e-08,1,-2.72405156e-08,-0.482987046,-5.38807114e-08,-0.875627518)elseif v==300 or v<=349 then NameMon="Dark Leg [Lv. 300]"NameQuest="Kill 1 Dark Leg"CFrameMon=CFrame.new(-4197.5,17.9071407,-2931.54199,-0.887061596,-2.41746556e-09,0.461651087,1.39625698e-08,1,3.20656142e-08,-0.461651087,3.48900109e-08,-0.887061596)elseif v==350 or v<=399 then NameMon="Dory [Lv. 350]"NameQuest="Kill 1 Dory"CFrameMon=CFrame.new(-4304.19824,70.4148865,-2730.17554,-0.901797056,-6.79898982e-09,0.432159841,3.85456183e-08,1,9.61665378e-08,-0.432159841,1.03380565e-07,-0.901797056)elseif v==400 or v<=449 then NameMon="Snow Soldier [Lv. 400]"NameQuest="Kill 5 Snow Soldier"CFrameMon=CFrame.new(-5439.55713,63.6817284,-1275.49146,-0.766281664,-1.69134307e-08,-0.642504811,-7.42172617e-08,1,6.21908072e-08,0.642504811,9.53406243e-08,-0.766281664)elseif v==450 or v<=499 then NameMon="King Snow [Lv. 450]"NameQuest="Kill 1 King Snow"CFrameMon=CFrame.new(-5356.87793,63.6823006,-1398.81812,0.873469532,3.19993738e-08,0.486878872,-2.68261946e-08,1,-1.75968022e-08,-0.486878872,2.30916331e-09,0.873469532)elseif v==500 or v<=524 then NameMon="Little Dear [Lv. 500]"NameQuest="Kill 1 Little Dear"CFrameMon=CFrame.new(-5409.21729,57.5917511,-1039.79858,0.650176823,-9.15510654e-08,-0.75978297,1.08223183e-07,1,-2.78854202e-08,0.75978297,-6.40956728e-08,0.650176823)elseif v==525 or v<=574 then NameMon="Candle Man [Lv. 525]"NameQuest="Kill 1 Candle Man"CFrameMon=CFrame.new(-2892.68945,103.915504,-411.542511,0.913090765,-2.0761048e-08,0.407756358,1.83498017e-08,1,9.82452519e-09,-0.407756358,-1.48843515e-09,0.913090765)elseif v==575 or v<=624 then NameMon="Sand Bandit [Lv. 575]"NameQuest="Kill 4 Sand Bandit"CFrameMon=CFrame.new(-2691.09082,41.1931648,-558.914246,0.69031769,3.35413114e-10,0.723506391,-6.8781969e-10,1,1.92674154e-10,-0.723506391,-6.30648311e-10,0.69031769)elseif v==625 or v<=674 then NameMon="Bomb Man [Lv. 625]"NameQuest="Kill 1 Bomb Man"CFrameMon=CFrame.new(-3137.40308,103.902924,-683.342712,-0.476265728,-6.93845053e-08,-0.879301369,-2.94259306e-09,1,-7.73148443e-08,0.879301369,-3.42349828e-08,-0.476265728)elseif v==675 or v<=724 then NameMon="Desert Marauder [Lv. 675]"NameQuest="Kill 4 Desert Marauder"CFrameMon=CFrame.new(-2677.33203,76.6805038,-655.982422,-0.688154161,-7.97975304e-08,0.72556448,-1.61531606e-08,1,9.4659633e-08,-0.72556448,5.34202584e-08,-0.688154161)elseif v==725 or v<=799 then NameMon="King of Sand [Lv. 725]"NameQuest="Kill 1 King of Sand"CFrameMon=CFrame.new(-3045.95947,96.8654556,-516.662598,-0.641233504,2.74744298e-08,0.767345786,-3.05831827e-09,1,-3.83601844e-08,-0.767345786,-2.69446225e-08,-0.641233504)elseif v==800 or v<=849 then NameMon="Sky Soldier [Lv. 800]"NameQuest="Kill 4 Sky Soldier"CFrameMon=CFrame.new(-4602.80127,237.143173,1360.09534,0.913104057,-7.05845409e-08,0.407726526,3.00380698e-08,1,1.05847072e-07,-0.407726526,-8.44020747e-08,0.913104057)elseif v==850 or v<=899 then NameMon="Ball Man [Lv. 850]"NameQuest="Kill 1 Ball Man"CFrameMon=CFrame.new(-3899.29907,424.786316,1252.92065,-0.150564358,7.03991461e-08,0.988600194,-3.07199635e-08,1,-7.58896022e-08,-0.988600194,-4.17960315e-08,-0.150564358)elseif v==900 or v<=949 then NameMon="Cloud Warrior [Lv. 900]"NameQuest="Kill 4 Cloud Warrior"CFrameMon=CFrame.new(-4777.18018,235.405975,1129.08789,0.0677085966,-9.07980606e-08,-0.997705162,-2.88684561e-08,1,-9.29660473e-08,0.997705162,3.50968072e-08,0.0677085966)elseif v==950 or v<=999 then NameMon="Rumble Man [Lv. 950]"NameQuest="Kill 1 Rumble Man"CFrameMon=CFrame.new(-4167.83691,416.389526,1610.69263,0.9754861,2.38659759e-09,-0.220061153,1.0250647e-09,1,1.53890589e-08,0.220061153,-1.523739e-08,0.9754861)elseif v==1000 or v<=1049 then NameMon="Elite Soldier [Lv. 1000]"NameQuest="Kill 4 Elite Soldiers"CFrameMon=CFrame.new(1756.62329,43.8492165,732.102173,-0.354773641,-7.47190754e-08,-0.934952199,3.34134569e-08,1,-9.25964798e-08,0.934952199,-6.40907771e-08,-0.354773641)elseif v==1050 or v<=1099 then NameMon="High-class Soldier [Lv. 1050]"NameQuest="Kill 4 High-class Soldier"CFrameMon=CFrame.new(1984.84241,26.6003017,660.884277,-0.931326389,7.28296268e-09,-0.364185601,4.62623051e-10,1,1.88148821e-08,0.364185601,1.73543171e-08,-0.931326389)elseif v==1100 or v<=1149 then NameMon="Leader [Lv. 1100]"NameQuest="Kill 1 Leader"CFrameMon=CFrame.new(1776.99146,38.5392647,598.307068,-0.276595861,5.94413478e-08,-0.960986316,6.29248964e-09,1,6.00433836e-08,0.960986316,1.05607558e-08,-0.276595861)elseif v==1150 or v<=1199 then NameMon="Pasta [Lv. 1150]"NameQuest="Kill 1 Pasta"CFrameMon=CFrame.new(1344.14099,40.1048965,1074.74329,-0.419090927,-2.4491424e-08,-0.907944262,-8.64604459e-08,1,1.29340147e-08,0.907944262,8.39217975e-08,-0.419090927)elseif v==1200 or v<=1249 then NameMon="Naval personnel [Lv. 1200]"NameQuest="Kill 4 Naval personnel"CFrameMon=CFrame.new(-1285.15479,69.6261826,2169.60522,-0.999821603,-1.02254525e-08,0.0188891031,-7.92025379e-09,1,1.22113335e-07,-0.0188891031,1.21941937e-07,-0.999821603)elseif v==1250 or v<=1299 then NameMon="Wolf [Lv. 1250]"NameQuest="Kill 1 Wolf"CFrameMon=CFrame.new(-1319.77258,69.6465912,2138.75317,-0.0266651064,4.63293475e-08,0.999644399,5.2359951e-08,1,-4.49491466e-08,-0.999644399,5.11427594e-08,-0.0266651064)elseif v==1300 or v<=1349 then NameMon="Giraffe [Lv. 1300]"NameQuest="Kill 1 Giraffe"CFrameMon=CFrame.new(-1196.36414,69.6261826,2091.73364,-0.0367398933,5.966983e-08,-0.999324858,2.73745915e-08,1,5.87037228e-08,0.999324858,-2.51993413e-08,-0.0367398933)elseif v==1350 or v<=1399 then NameMon="Nautical soldier [Lv. 1350]"NameQuest="Kill 4 Nautical soldier"CFrameMon=CFrame.new(-1194.89758,69.6261826,2094.61548,-0.0682586059,1.33845424e-08,-0.99766767,5.62648061e-08,1,9.5662962e-09,0.99766767,-5.54805979e-08,-0.0682586059)elseif v==1400 or v<=1449 then NameMon="Naval soldier [Lv. 1400]"NameQuest="Kill 4 Naval soldier"CFrameMon=CFrame.new(-1462.1145,15.2583666,2540.05249,0.378536522,7.12551227e-08,-0.925586343,3.683272e-08,1,9.20472161e-08,0.925586343,-6.89350941e-08,0.378536522)elseif v==1450 or v<=1499 then NameMon="Leo [Lv. 1450]"NameQuest="Kill 1 Leo"CFrameMon=CFrame.new(-1075.66101,22.355545,2553.46948,0.361727208,-7.43886659e-08,0.932283998,1.52786797e-08,1,7.38637027e-08,-0.932283998,-1.24744428e-08,0.361727208)elseif v==1500 or v<=1549 then NameMon="Zombie [Lv. 1500]"NameQuest="Kill 5 Zombies"CFrameMon=CFrame.new(-2751.44678,39.1473465,4111.27637,0.829314768,-2.6256e-08,-0.558781743,-1.21393153e-08,1,-6.50044782e-08,0.558781743,6.06924004e-08,0.829314768)elseif v==1550 or v<=1599 then NameMon="Elite Zombie [Lv. 1550]"NameQuest="Kill 4 Elite Zombies"CFrameMon=CFrame.new(-2751.44678,39.1473465,4111.27637,0.829314768,-2.6256e-08,-0.558781743,-1.21393153e-08,1,-6.50044782e-08,0.558781743,6.06924004e-08,0.829314768)elseif v==1600 or v<=1649 then NameMon="Revenant [Lv. 1600]"NameQuest="Kill 4 Revenant"CFrameMon=CFrame.new(-3018.76562,33.5921288,4303.64307,0.805173457,5.18634202e-09,-0.593039334,-5.49868062e-08,1,-6.59105979e-08,0.593039334,8.56787992e-08,0.805173457)elseif v==1650 or v<=1699 then NameMon="Shadow Master [Lv. 1650]"NameQuest="Kill 1 Shadow Master"CFrameMon=CFrame.new(-2767.29248,33.5921288,4442.45459,0.876922965,6.12778663e-08,-0.480630994,-1.57094604e-08,1,9.88323308e-08,0.480630994,-7.9117882e-08,0.876922965)elseif v==1700 or v<=1749 then NameMon="New World Pirate [Lv. 1700]"NameQuest="Kill 4 New World Pirates"CFrameMon=CFrame.new(2447.53735,122.348442,-1625.69202,-0.222260147,-9.31945721e-08,0.974987388,4.04289757e-08,1,1.04801686e-07,-0.974987388,6.27109813e-08,-0.222260147)elseif v==1750 or v<=1799 then NameMon="Cutlass Pirate [Lv. 1750]"NameQuest="Kill 4 Cutlass Pirates"CFrameMon=CFrame.new(2413.89673,114.007904,-1781.48169,0.338218421,-7.20048132e-10,0.941067636,-2.46446206e-08,1,9.622382e-09,-0.941067636,-2.64467204e-08,0.338218421)elseif v==1800 or v<=1849 then NameMon="Rear Admiral [Lv. 1800]"NameQuest="Kill 4 Rear Admirals"CFrameMon=CFrame.new(2406.76099,108.612106,-2225.47607,0.348917753,1.44832848e-08,0.937153339,-9.57239266e-08,1,2.01850572e-08,-0.937153339,-9.67509237e-08,0.348917753)elseif v==1850 or v<=1924 then NameMon="True Karate Fishman [Lv. 1850]"NameQuest="Kill 1 True Karate Fishman"CFrameMon=CFrame.new(2525.78076,103.697166,-2019.98816,-0.99999994,1.03633738e-07,-0.000366600347,1.03613004e-07,1,5.65793243e-08,0.000366600347,5.65413352e-08,-0.99999994)elseif v==1925 or v<=1999 then NameMon="Quake Woman [Lv. 1925]"NameQuest="Kill 1 Quake Woman"CFrameMon=CFrame.new(2118.13013,3.06480217,-1909.94812,0.0325585268,-5.32720286e-08,-0.999469817,-4.92016632e-08,1,-5.49030723e-08,0.999469817,5.09631413e-08,0.0325585268)elseif v==2000 or v<=2049 then NameMon="Fishman [Lv. 2000]"NameQuest="Kill 4 Fishmans"CFrameMon=CFrame.new(-1621.29663,94.0391998,6260.59668,0.999778867,3.06320374e-08,0.0210289024,-3.04115773e-08,1,-1.08033635e-08,-0.0210289024,1.01614521e-08,0.999778867)elseif v==2050 or v<=2099 then NameMon="Combat Fishman [Lv. 2050]"NameQuest="Kill 1 Combat Fishman"CFrameMon=CFrame.new(-1885.25708,99.9235687,6065.46533,-0.758239329,8.40046113e-08,0.651976347,2.68429261e-08,1,-9.76281598e-08,-0.651976347,-5.65245557e-08,-0.758239329)elseif v==2100 or v<=2199 then NameMon="Sword Fishman [Lv. 2100]"NameQuest="Kill 1 Sword Fishman"CFrameMon=CFrame.new(-1625.68274,95.0787277,6667.83545,-0.281478286,1.46838781e-08,-0.959567606,1.39678857e-09,1,1.48928674e-08,0.959567606,2.85170554e-09,-0.281478286)elseif v>=2200 then NameMon="Seasoned Fishman [Lv. 2200]"NameQuest="Kill 1 Seasoned Fishman"CFrameMon=CFrame.new(-1876.44421,58.0667191,6768.50439,0.958150625,2.51218157e-10,-0.286264449,2.40934317e-09,1,8.94184282e-09,0.286264449,-9.25734156e-09,0.958150625)end end;if W2 then if v==2250 or v<=2299 then NameMon="Beast Pirate [Lv. 2250]"NameQuest="Kill 4 Beast Pirates"CFrameMon=CFrame.new(-4165.73535,79.1572876,-81.9431,-0.993501842,3.670133e-08,-0.113816023,4.25301181e-08,1,-4.87841731e-08,0.113816023,-5.3307776e-08,-0.993501842)elseif v==2250 or v<=2299 then NameMon="Beast Pirate [Lv. 2250]"NameQuest="Kill 4 Beast Pirates"CFrameMon=CFrame.new(-4165.73535,79.1572876,-81.9431,-0.993501842,3.670133e-08,-0.113816023,4.25301181e-08,1,-4.87841731e-08,0.113816023,-5.3307776e-08,-0.993501842)elseif v==2300 or v<=2349 then NameMon="Beast Swordman [Lv. 2300]"NameQuest="Kill 4 Beast Swordman"CFrameMon=CFrame.new(-4346.93604,93.4327316,452.744934,0.998897612,4.21561452e-08,0.0469425134,-3.97770741e-08,1,-5.16146699e-08,-0.0469425134,4.96905344e-08,0.998897612)elseif v==2350 or v<=2399 then NameMon="Gazelle Man [Lv. 2350]"NameQuest="Kill 1 Gazelle Man"CFrameMon=CFrame.new(-4323.44238,93.4327316,449.226959,0.987814426,-4.46080106e-09,0.155636296,3.18021859e-10,1,2.66432352e-08,-0.155636296,-2.62690776e-08,0.987814426)elseif v==2400 or v<=2449 then NameMon="Bandit Beast Pirate [Lv. 2400]"NameQuest="Kill 4 Bandit Beast Pirates"CFrameMon=CFrame.new(-4354.45996,176.370926,-1020.20056,0.177327409,-1.56253055e-08,0.9841519,-3.6723462e-09,1,1.65386176e-08,-0.9841519,-6.5468968e-09,0.177327409)elseif v==2450 or v<=2499 then NameMon="Powerful Beast Pirate [Lv. 2450]"NameQuest="Kill 4 Powerful Beast Pirates"CFrameMon=CFrame.new(-4657.93799,246.116379,-659.181274,0.991263211,-7.88152903e-08,-0.131898463,6.82834624e-08,1,-8.43709813e-08,0.131898463,7.46273727e-08,0.991263211)elseif v==2500 or v<=2549 then NameMon="Violet Samurai [Lv. 2500]"NameQuest="Kill 1 Violet Samurai"CFrameMon=CFrame.new(-5241.48926,166.53476,-1083.005,-0.961781085,-8.2593715e-08,-0.273819566,-5.66279041e-08,1,-1.02732137e-07,0.273819566,-8.33000016e-08,-0.961781085)elseif v==2550 or v<=2599 then NameMon="Duke [Lv. 2550]"NameQuest="Kill 1 Duke"CFrameMon=CFrame.new(-5658.31152,243.85408,-171.258453,0.64331001,-7.77872486e-08,-0.765605748,6.17776266e-08,1,-4.96927868e-08,0.765605748,-1.53294391e-08,0.64331001)elseif v==2600 or v<=2649 then NameMon="Magician [Lv. 2600]"NameQuest="Kill 1 Magician"CFrameMon=CFrame.new(-4917.4668,133.366943,-283.479553,-0.997660935,7.0541244e-09,-0.0683572516,9.04348152e-09,1,-2.87929041e-08,0.0683572516,-2.93437434e-08,-0.997660935)elseif v==2650 or v<=2699 then NameMon="Kitsune Samurai [Lv. 2650]"NameQuest="Kill 1 Kitsune Samurai"CFrameMon=CFrame.new(-5573.45703,211.222885,91.0026932,0.315181255,-6.78751721e-10,-0.949031472,-1.19988872e-08,1,-4.70013495e-09,0.949031472,1.28687168e-08,0.315181255)elseif v==2700 or v<=2749 then NameMon="Elite Beast Pirate [Lv. 2700]"NameQuest="Kill 4 Elite Beast Pirates"CFrameMon=CFrame.new(-4556.68848,73.4863129,1362.23218,0.99756068,3.48701263e-08,0.0698048025,-2.89415034e-08,1,-8.59428084e-08,-0.0698048025,8.37129122e-08,0.99756068)elseif v==2750 or v<=2799 then NameMon="Bear Man [Lv. 2750]"NameQuest="Kill 1 Bear Man"CFrameMon=CFrame.new(-4569.16797,70.6992645,823.223572,-0.400589317,-7.00391354e-08,-0.916257739,-5.39449552e-08,1,-5.2855615e-08,0.916257739,2.82540871e-08,-0.400589317)elseif v==2800 or v<=2849 then NameMon="Bean [Lv. 2800]"NameQuest="Kill 1 Bean"CFrameMon=CFrame.new(-3935.6189,70.2725067,1140.22852,0.444667518,3.67571857e-08,0.895695686,-4.79322182e-08,1,-1.72416641e-08,-0.895695686,-3.52658738e-08,0.444667518)elseif v==2850 or v<=2899 then NameMon="Meji [Lv. 2850]"NameQuest="Kill 1 Meji"CFrameMon=CFrame.new(-5282.65527,168.714203,1202.00281,0.999998808,8.14423942e-08,0.00152613316,-8.13641634e-08,1,-5.13204093e-08,-0.00152613316,5.1196178e-08,0.999998808)elseif v==2900 or v<=2949 then NameMon="Petra [Lv. 2900]"NameQuest="Kill 1 Petra"CFrameMon=CFrame.new(-5506.65967,80.1047363,1213.2677,-0.0927385315,1.67479914e-08,0.995690525,1.96447978e-08,1,-1.49907642e-08,-0.995690525,1.81699171e-08,-0.0927385315)elseif v==2950 or v<=2999 then NameMon="Kappa [Lv. 2950]"NameQuest="Kill 1 Kappa"CFrameMon=CFrame.new(-4870.96436,109.249718,1918.02087,-0.988098741,-2.58758135e-08,0.153820992,-2.17960796e-08,1,2.82089889e-08,-0.153820992,2.45205722e-08,-0.988098741)elseif v==3000 or v<=3049 then NameMon="Joey [Lv. 3000]"NameQuest="Kill 1 Joey"CFrameMon=CFrame.new(-5453.896,119.401352,2082.46582,0.0515211895,6.46570371e-08,-0.998671889,-6.66838886e-08,1,6.13028206e-08,0.998671889,6.34369357e-08,0.0515211895)elseif v==3050 or v<=3099 then NameMon="Skull Pirate [Lv. 3050]"NameQuest="Kill 4 Skull Pirates"CFrameMon=CFrame.new(-6422.20312,78.0515594,6913.67236,-0.996762514,-7.97378519e-08,0.0804019794,-7.65185746e-08,1,4.31208242e-08,-0.0804019794,3.68289754e-08,-0.996762514)elseif v==3100 or v<=3124 then NameMon="Elite Skeleton [Lv. 3100]"NameQuest="Kill 1 Elite Skeleton"CFrameMon=CFrame.new(-6027.06445,158.240173,7226.86572,-0.00901880302,-2.64764619e-08,-0.99995935,7.42757393e-08,1,-2.71474434e-08,0.99995935,-7.45175512e-08,-0.00901880302)elseif v==3125 or v<=3149 then NameMon="Desert Thief [Lv. 3125]"NameQuest="Kill 1 Desert Thief"CFrameMon=CFrame.new(1355.81299,94.089859,1669.18787,0.976206958,6.52478676e-08,-0.216840908,-6.50513883e-08,1,8.04391043e-09,0.216840908,6.25328056e-09,0.976206958)elseif v==3150 or v<=3174 then NameMon="Anubis [Lv. 3150]"NameQuest="Kill 1 Anubis"CFrameMon=CFrame.new(2331.73926,123.106415,843.643616,-0.540480673,7.59256267e-08,0.841356456,7.58549561e-08,1,-4.15133137e-08,-0.841356456,4.13839132e-08,-0.540480673)elseif v==3175 or v<=3199 then NameMon="Pharaoh [Lv. 3175]"NameQuest="Kill 1 Pharaoh"CFrameMon=CFrame.new(2031.13794,48.827404,1640.93506,-0.5123716,3.12598436e-09,0.858763814,3.90376087e-09,1,-1.31096356e-09,-0.858763814,2.68070832e-09,-0.5123716)elseif v==3200 or v<=3224 then NameMon="Chess Soldier [Lv. 3200]"NameQuest="Kill 4 Chess Soldiers"CFrameMon=CFrame.new(-9.92300224,77.0793686,8150.47705,0.464142531,5.47901671e-08,0.885760546,4.74598894e-09,1,-6.43435598e-08,-0.885760546,3.4068389e-08,0.464142531)elseif v==3225 or v<=3249 then NameMon="Sunken Vessel [Lv. 3225]"NameQuest="Kill 1 Sunken Vessel"CFrameMon=CFrame.new(-1017.96582,75.3193588,8128.25977,-0.61855787,5.77432502e-08,0.785739243,3.76135958e-08,1,-4.38785044e-08,-0.785739243,2.41308373e-09,-0.61855787)elseif v==3250 or v<=3273 then NameMon="Biscuit Man [Lv. 3250]"NameQuest="Kill 1 Biscuit Man"CFrameMon=CFrame.new(-1379.92102,202.274521,8832.54102,-0.0464410745,-6.97687739e-08,0.998921037,1.60475722e-09,1,6.9918741e-08,-0.998921037,4.85012741e-09,-0.0464410745)elseif v==3275 or v<=3299 then NameMon="Dough Master [Lv. 3275]"NameQuest="Kill 1 Dough Master"CFrameMon=CFrame.new(30275.7754,65.4516144,93200.2188,-0.979407072,-8.56784084e-08,-0.201895446,-7.69157111e-08,1,-5.12473903e-08,0.201895446,-3.46631275e-08,-0.979407072)elseif v==3300 or v<=3324 then NameMon="Azlan [Lv. 3300]"NameQuest="Kill 4 Azlan"CFrameMon=CFrame.new(-631.920654,85.3876572,-2840.41504,0.178087637,-6.29511163e-08,0.98401463,8.48872332e-08,1,4.86108114e-08,-0.98401463,7.48732916e-08,0.178087637)elseif v==3325 or v<=3399 then NameMon="The Volcano [Lv. 3325]"NameQuest="Kill 4 The Volcano"CFrameMon=CFrame.new(206.296417,152.159531,-3470.37158,0.467936039,6.54194778e-08,0.88376236,1.95075778e-08,1,-8.43527417e-08,-0.88376236,5.67117482e-08,0.467936039)elseif v==3400 or v<=3424 then NameMon="Dark Beard Servant [Lv. 3400]"NameQuest="Kill 4 Dark Beard Servant"CFrameMon=CFrame.new(-9193.84961,102.292503,-4574.53955,0.996199608,-9.75396759e-08,0.087099418,1.01515433e-07,1,-4.1216861e-08,-0.087099418,4.99021588e-08,0.996199608)elseif v==3425 or v<=3449 then NameMon="Supreme Swordman [Lv. 3425]"NameQuest="Kill 1 Supreme Swordman"CFrameMon=CFrame.new(-9727.23047,119.628937,-4511.20801,0.926412582,-6.23715621e-08,-0.376509905,5.44072449e-08,1,-3.17866906e-08,0.376509905,8.96272212e-09,0.926412582)elseif v==3450 or v<=3499 then NameMon="Sally [Lv. 3450]"NameQuest="Kill 1 Sally"CFrameMon=CFrame.new(-9565.88965,135.426941,-5370.08545,-0.999682903,4.56637617e-09,-0.0251808744,2.5403708e-09,1,8.04900964e-08,0.0251808744,8.04006035e-08,-0.999682903)elseif v==3500 or v<=3524 then NameMon="Vice Admiral [Lv. 3500]"NameQuest="Kill 5 Vice Admiral"CFrameMon=CFrame.new(-10002.6904,87.3996887,417.532684,-0.200062275,6.30546921e-08,0.979783177,5.72152885e-08,1,-5.26729487e-08,-0.979783177,4.55207072e-08,-0.200062275)elseif v==3525 or v<=3549 then NameMon="Pondere [Lv. 3525]"NameQuest="Kill 1 Pondere"CFrameMon=CFrame.new(-10137.2607,100.180016,1302.14185,-0.788841367,-2.98269214e-08,-0.614596844,2.69828551e-08,1,-8.31636484e-08,0.614596844,-8.21865029e-08,-0.788841367)elseif v==3550 or v<=3599 then NameMon="Hefty [Lv. 3550]"NameQuest="Kill 1 Hefty"CFrameMon=CFrame.new(-10607.1182,83.3532639,966.647156,-0.0199217312,-2.62296673e-08,0.999801517,1.2840597e-08,1,2.64907314e-08,-0.999801517,1.33657903e-08,-0.0199217312)elseif v==3600 or v<=3624 then NameMon="Fiore Gladiator [Lv. 3600]"NameQuest="Kill 6 Fiore Gladiator"CFrameMon=CFrame.new(5154.98926,95.1037903,-2964.51538,-0.384478599,1.01475921e-08,-0.92313391,2.07894892e-08,1,2.33387421e-09,0.92313391,-1.82941573e-08,-0.384478599)elseif v==3625 or v<=3649 then NameMon="Fiore Fighter [Lv. 3625]"NameQuest="Kill 6 Fiore Fighter"CFrameMon=CFrame.new(5490.54785,84.5201492,-2558.8457,-0.805967569,-5.33750715e-08,0.591959655,-3.97060838e-08,1,3.61059378e-08,-0.591959655,5.59581492e-09,-0.805967569)elseif v==3650 or v<=3674 then NameMon="Fiore Pirate [Lv. 3650]"NameQuest="Kill 7 Fiore Pirate"CFrameMon=CFrame.new(6002.45801,106.856102,-2894.09668,0.993334472,4.58113085e-08,-0.115267478,-5.62620386e-08,1,-8.74115997e-08,0.115267478,9.33141422e-08,0.993334472)elseif v==3675 or v<=3699 then NameMon="Lomeo [Lv. 3675]"NameQuest="Kill 1 Lomeo"CFrameMon=CFrame.new(6457.48145,112.269753,-2338.70166,-0.674927413,1.41290712e-08,-0.737884104,3.01929126e-09,1,1.63864069e-08,0.737884104,8.83174778e-09,-0.674927413)elseif v==3700 or v<=3724 then NameMon="Prince Aria [Lv. 3700]"NameQuest="Kill 1 Prince Aria"CFrameMon=CFrame.new(6660.98828,185.882019,-3806.90332,-0.432480991,1.05719614e-07,-0.901643038,9.01952202e-09,1,1.12925889e-07,0.901643038,4.07059133e-08,-0.432480991)elseif v==3725 or v<=3774 then NameMon="Devastate [Lv. 3725]"NameQuest="Kill 1 Devastate"CFrameMon=CFrame.new(7631.65137,122.167465,-2645.56616,-0.373597473,-1.80023054e-08,0.927590907,1.22821877e-08,1,2.43543781e-08,-0.927590907,2.049158e-08,-0.373597473)elseif v==3775 or v<=3799 then NameMon="Floffy [Lv. 3775]"NameQuest="Kill 1 Floffy"CFrameMon=CFrame.new(7863.01367,470.011475,-2578.41455,-0.955782413,1.50890926e-08,0.294074744,-1.7449489e-08,1,-1.08023585e-07,-0.294074744,-1.08378494e-07,-0.955782413)elseif v==3800 or v<=3849 then NameMon="Dead Troupe [Lv. 3800]"NameQuest="Kill 4 Dead Troupe"CFrameMon=CFrame.new(9482.67285,89.5682755,-4066.95435,0.832089663,3.07615089e-08,-0.554641128,3.33796386e-08,1,1.05539165e-07,0.554641128,-1.06331768e-07,0.832089663)elseif v==3850 or v<=3974 then NameMon="Dead Troupe Captain [Lv. 3850]"NameQuest="Kill 4 Dead Troupe Captain"CFrameMon=CFrame.new(10033.6436,102.078606,-3935.14941,0.744436026,-1.72237673e-08,-0.667693794,-1.49188217e-08,1,-4.24294448e-08,0.667693794,4.15472101e-08,0.744436026)elseif v>=3975 then NameMon="Ryu [Lv. 3975]"NameQuest="Kill 1 Ryu"CFrameMon=CFrame.new(9917.09082,86.03022,-4842.94238,-0.974786699,1.07214566e-08,-0.223138794,6.08973716e-09,1,2.14452243e-08,0.223138794,1.95456629e-08,-0.974786699)end end;if W3 then if v==4000 or v<=4049 then NameMon="Deep Diver [Lv. 4000]"NameQuest="Kill 4 Deep Diver"CFrameMon=CFrame.new(1427.50378,86.9143066,981.238647,0.207373455,2.42449154e-08,-0.978261828,1.50762247e-09,1,2.51032546e-08,0.978261828,-6.6805983e-09,0.207373455)elseif v==4050 or v<=4149 then NameMon="Fugitive [Lv. 4050]"NameQuest="Kill Fugitive"CFrameMon=CFrame.new(2699.85156,35.5768166,1023.83252,-0.536523819,-9.67664633e-08,-0.843885183,-3.76411506e-08,1,-9.07363855e-08,0.843885183,-1.69174204e-08,-0.536523819)elseif v==4150 or v<=4199 then NameMon="Fishman Guardian [Lv. 4150]"NameQuest="Kill 6 Fishman Guardian"CFrameMon=CFrame.new(1784.93933,66.3743515,189.335953,-0.166427165,-8.02409232e-08,-0.986053765,-1.78638988e-08,1,-7.83607206e-08,0.986053765,4.57341098e-09,-0.166427165)elseif v==4200 or v<=4249 then NameMon="The deep one [Lv. 4200]"NameQuest="Kill The deep one"CFrameMon=CFrame.new(3041.08716,174.687195,26.9070129,-0.652419209,-4.26592912e-08,0.757858276,-2.20992415e-08,1,3.72646483e-08,-0.757858276,7.56408003e-09,-0.652419209)elseif v==4250 or v<=4299 then NameMon="Fishman King's Guard [Lv. 4250]"NameQuest="Kill Fishman King's Guard"CFrameMon=CFrame.new(1850.63477,57.1331673,-260.756805,0.0037303844,-6.2026082e-08,-0.999993026,5.04091275e-08,1,-6.18384703e-08,0.999993026,-5.01780946e-08,0.0037303844)elseif v==4300 or v<=4324 then NameMon="Jungle Gorilla [Lv. 4300]"NameQuest="Kill 5 Jungle Gorilla"CFrameMon=CFrame.new(4282.1626,180.477219,9106.09863,-0.827997208,-1.69428116e-08,-0.560732186,1.09286038e-08,1,-4.63530796e-08,0.560732186,-4.45082406e-08,-0.827997208)elseif v==4325 or v<=4349 then NameMon="Wilderness Gorilla [Lv. 4325]"NameQuest="Kill 5 Wilderness Gorilla"CFrameMon=CFrame.new(4833.40137,54.4393272,10217.8125,0.92262882,-3.57880943e-08,0.385689139,1.29449109e-08,1,6.18237408e-08,-0.385689139,-5.20476569e-08,0.92262882)elseif v==4350 or v<=4374 then NameMon="Jungle Ape [Lv. 4350]"NameQuest="Kill 5 Jungle Ape"CFrameMon=CFrame.new(5225.08838,85.4308624,9786.15625,0.812762737,-3.11326041e-08,-0.582594812,-4.6610884e-09,1,-5.99403904e-08,0.582594812,5.1432842e-08,0.812762737)elseif v>=4375 then NameMon="Cyborg Gorilla [Lv. 4375]"NameQuest="Kill 1 Cyborg Gorilla"CFrameMon=CFrame.new(6105.86768,105.181633,9349.93066,-0.155542895,-7.78324249e-08,0.987829149,1.77982551e-09,1,7.90716328e-08,-0.987829149,1.40571945e-08,-0.155542895)end end end;_G.Settings={SelectWeapon="",SelectWeapon2="",SelectNameBoss="",SelectMonNearest="",SelectMon="",Haki=true,SkillZ=true,SkillX=false,SkillC=false,SkillV=false,SkillE=false,SkillB=false,MaxPoint=true,Method="Settings",DistanceMob=7,GanX=0,GanY=7,GanZ=0,GanAngles=90}wait(0.01)if _G.MrMaxNaJaBuy==true then function LoadSettings()if readfile and writefile and isfile and isfolder then if not isfolder("MrMaxNaJa")then makefolder("MrMaxNaJa")end;if not isfolder("MrMaxNaJa/King Legacy/")then makefolder("MrMaxNaJa/King Legacy/")end;if not isfile("MrMaxNaJa/King Legacy/.json")then writefile("MrMaxNaJa/King Legacy/.json",game:GetService("HttpService"):JSONEncode(_G.Settings))else local w=game:GetService("HttpService"):JSONDecode(readfile("MrMaxNaJa/King Legacy/.json"))for x,y in pairs(w)do _G.Settings[x]=y end end else return warn("Status : Undetected Executor")end end;wait(0.01)function SaveSettings()if readfile and writefile and isfile and isfolder then if not isfile("MrMaxNaJa/King Legacy/.json")then LoadSettings()else local z=game:GetService("HttpService"):JSONDecode(readfile("MrMaxNaJa/King Legacy/.json"))local A={}for B,C in pairs(_G.Settings)do A[B]=C end;writefile("MrMaxNaJa/King Legacy/.json",game:GetService("HttpService"):JSONEncode(A))end else return warn("Status : Undetected Executor")end end;wait(0.01)LoadSettings()wait(0.01)else wait(0.15)end;function Hop()local D=game.PlaceId;local E={}local F=""local G=os.date("!*t").hour;local H=false;function TPReturner()local I;if F==""then I=game.HttpService:JSONDecode(game:HttpGet("https://games.roblox.com/v1/games/"..D.."/servers/Public?sortOrder=Desc&limit=100"))else I=game.HttpService:JSONDecode(game:HttpGet("https://games.roblox.com/v1/games/"..D.."/servers/Public?sortOrder=Desc&limit=100&cursor="..F))end;local J=""if I.nextPageCursor and I.nextPageCursor~="null"and I.nextPageCursor~=nil then F=I.nextPageCursor end;local K=0;for L,M in pairs(I.data)do local N=true;J=tostring(M.id)if tonumber(M.maxPlayers)>tonumber(M.playing)then for O,P in pairs(E)do if K~=0 then if J==tostring(P)then N=false end else if tonumber(G)~=tonumber(P)then local Q=pcall(function()E={}table.insert(E,G)end)end end;K=K+1 end;if N==true then table.insert(E,J)wait()pcall(function()wait()game:GetService("TeleportService"):TeleportToPlaceInstance(D,J,i)end)wait(5)end end end end;if getgenv().Teleport==nil then getgenv().Teleport=function()while task.wait()do pcall(function()TPReturner()if F~=""then TPReturner()end end)end end end;getgenv().Teleport()end;randomNumberUI=math.random(1,4)_G.UIB="17075379093"if randomNumberUI==1 then _G.TeamBlack=true elseif randomNumberUI==2 then _G.TeamWhite=true elseif randomNumberUI==3 then _G.TeamGreen=true elseif randomNumberUI==4 then _G.TeamRed=true else _G.Color=Color3.fromRGB(0,120,120)_G.FrameTop=Color3.fromRGB(0,100,100)_G.FrameTab=Color3.fromRGB(0,75,75)_G.PageFrame=Color3.fromRGB(0,85,85)_G.ColorI=Color3.fromRGB(0,100,100)end;local function R(S)game:GetService("VirtualInputManager"):SendMouseButtonEvent(S.AbsolutePosition.X+S.AbsoluteSize.X/2,S.AbsolutePosition.Y+50,0,true,S,1)game:GetService("VirtualInputManager"):SendMouseButtonEvent(S.AbsolutePosition.X+S.AbsoluteSize.X/2,S.AbsolutePosition.Y+50,0,false,S,1)end;local T=loadstring(game:HttpGet("https://pastebin.com/raw/LZBa7hU1"))()local U=T:Window("MrMaxNaJa Community | Map King Legacy","",Enum.KeyCode.RightControl)Main=U:Tab("Main")Stats=U:Tab("Stats")Main:Line()Main:Label("Welcome MrMaxNaJa Community")Main:Label("Auto Farm Lv.")Main:Toggle("Auto Farm Lv.\nออโต้ฟาร์มเลเวล",_G.Settings.AutoFarm,function(value)_G.Settings.AutoFarm=value;SaveSettings()end)WeaponList={}for i,t in pairs(game:GetService("Players").LocalPlayer.Backpack:GetChildren())do if t:IsA("Tool")then table.insert(WeaponList,t.Name)end end;local V=Main:Dropdown("Select Weapon\nเลือกอาวุธ",_G.Settings.SelectWeapon,WeaponList,function(value)_G.Settings.SelectWeapon=value;SaveSettings()end)Main:Button("Refresh Weapon",function()V:Clear()for i,t in pairs(game:GetService("Players").LocalPlayer.Backpack:GetChildren())do V:Add(t.Name)end end)Main:Line()Main:Toggle("Enabled Weapon[2]\nเปิดใช้งาน Weapon[2]",_G.Settings.EnabledWeapon,function(value)_G.Settings.EnabledWeapon=value;SaveSettings()end)local V=Main:Dropdown("Select Weapon[2]\nเลือกอาวุธตัวที่[2]",_G.Settings.SelectWeapon2,WeaponList,function(value)_G.Settings.SelectWeapon2=value;SaveSettings()end)Main:Button("Refresh Weapon",function()V:Clear()for i,t in pairs(game:GetService("Players").LocalPlayer.Backpack:GetChildren())do V:Add(t.Name)end end)spawn(function()while wait()do pcall(function()if _G.Settings.EnabledWeapon then EquipWeapon(_G.Settings.SelectWeapon2)wait(1)end end)end end)Main:Line()Main:Toggle("Auto Farm Boss Select\nออโต้ฟาร์มบอสที่เลือกใว้",_G.Settings.AutoFarmBoss,function(value)_G.Settings.AutoFarmBoss=value;SaveSettings()end)Bosslist={}for i,t in pairs(game:GetService("Workspace").Monster.Boss:GetChildren())do table.insert(Bosslist,t.Name)end;local W=Main:Dropdown("Select Boss Nearest\nเลือกบอสที่อยู่ใกล้ๆ",_G.Settings.SelectNameBoss,Bosslist,function(value)_G.Settings.SelectNameBoss=value;SaveSettings()end)Main:Button("Refresh Select Boss Nearest\nรีเฟสการเลือกบอส",function()W:Clear()for i,t in pairs(game:GetService("Workspace").Monster.Boss:GetChildren())do W:Add(t.Name)end end)spawn(function()while wait()do pcall(function()if _G.Settings.AutoFarmBoss then for i,t in pairs(game:GetService("Workspace").Monster.Boss:GetChildren())do if t.Name==_G.Settings.SelectNameBoss then if t:FindFirstChild("Humanoid")and t:FindFirstChild("HumanoidRootPart")and t.Humanoid.Health>0 then repeat wait()Tween(t.HumanoidRootPart.CFrame*MethodFarm)t.Huma